---
source: src/posterior.rs
expression: post2
---
DT75-HL60: 0.4211950943636373
DT75-day2: 0.00012001769401308993
DT75-day3: 0.5778817346453924
DT76-HL60: 0.00022561732069438926
DT76-day1: 0.00020099826204568116
DT76-day2: 0.00018359032182180762
DT76-day3: 0.00019294739239494513

