---
source: src/posterior.rs
expression: post
---
DT75-HL60: 0.9970383611058797
DT75-day2: 0.00029851213946809405
DT75-day3: 0.0003531514891082236
DT76-HL60: 0.0006453347422929071
DT76-day1: 0.0005768596451486415
DT76-day2: 0.0005358641154683718
DT76-day3: 0.0005519167626337747

