---
source: src/posterior.rs
expression: post2
---
DT75-HL60: 0.421195
DT75-day2: 0.00012
DT75-day3: 0.577882
DT76-HL60: 0.000226
DT76-day1: 0.000201
DT76-day2: 0.000184
DT76-day3: 0.000193
