---
source: src/posterior.rs
expression: post
---
DT75-HL60: 0.997038
DT75-day2: 0.000299
DT75-day3: 0.000353
DT76-HL60: 0.000645
DT76-day1: 0.000577
DT76-day2: 0.000536
DT76-day3: 0.000552
